0 ADDI Rt11 #804(Rs0)  //Place 804 in R11
4 ADDI Rt12 #1596(Rs0) //Place 1596 in R12
8 ADDI Rt13 #2400(Rs0) //Place 2400 in R13
12 ADDI Rt18 #3200(Rs0) //Place 3200 in R18
16 ADDI Rt19 #-1(Rs0) // Place -1 in R19
20 SUBI Rt20 #2(Rs0) //Place -2 in R20
24 ADDI Rt22 #78(Rs20) //Place  76 in R22
28 ADDI Rt23 #3(Rs0) //Place 3 in R23
32 ADD Rd24 Rs19 Rt0  //R24 = R19 (-1)

36 LDW Rt14 #-4(Rs11) // LDW R14 = (800) (90)
40 LDW Rt15 #4(Rs12) // LDW R15 = (1600) (-2)
44 LDW Rt17 #0(Rs13) //LDW R17 = (2400) (1)
48 SUB Rd16 Rs14 Rt15 //R16 = R14 - R15 (92)
52 OR Rd21 Rs16 Rt20 //R21 = R16 | R20 (
56 BEQ Rt19 #3(Rs21) //If R19 == R21 go to instruction #68 (R19 = -1, R21 = R16 | R20)
60 MULI Rt17 #2(Rs17) // R17 = 2*R17 (2 * 1)
64 JR Rt0 #0(Rs22)  // Jump to R22 (76)
68 MUL Rd17 Rs17 Rt23 // R17 = R17 * R23 (small positive times 3)
72 ADD Rd17 Rs17 Rt24 // R17 = R17 + R24 (small positive times 3 + -1)
76 ADDI Rt11 #4(Rs11) // R11 = R11 + 4 (804 + 4) (small positive numbers)
80 ADDI Rt12 #4(Rs12) // R12 = R12 + 4 (1596 + 4) (small negative numbers)
84 STW Rt17 #0(Rs13) // STW R17 in R13 (2400)
88 ADDI Rt13 #4(Rs13) //R13 = R13 + 4 (2400 + 4) (small positive numbers)
92 ADDI Rt18 #4(Rs18) //R18 = R18 + 4 (3200 + 4) (00s until 81)
96 LDW Rt25 #0(Rs18) //LDW R25 = (3200) (R18 constantly increases by 4) until 3524 where it stops (81 iterations)
100 BZ Rt0 #-16(Rs25) // if R25 = 0, then Jump to 36
104 XORI Rt25 #63(Rs25) // R25 = 63 XOR R25
108 HALT Rt0 #0(Rs0) // HALT











0 67830564
4 67896892
8 67963232
12 68291712
16 68419583
20 202637314
24 110493774
28 68616195
32 39895040
36 829358076
40 831455236
44 833683456
48 164593664
52 437561344
56 1051918339
60 372310018
64 1119879168
68 305629184
72 37259264
76 90898436
80 93061124
84 900792320
88 95223812
92 106037252
96 844693504
100 992018416
104 792264767
108 1140850688
112 0
116 0
120 0
124 0
128 0
132 0
136 0
140 0
144 0
148 0
152 0
156 0
160 0
164 0
168 0
172 0
176 0
180 0
184 0
188 0
192 0
196 0
200 0
204 0
208 0
212 0
216 0
220 0
224 0
228 0
232 0
236 0
240 0
244 0
248 0
252 0
256 0
260 0
264 0
268 0
272 0
276 0
280 0
284 0
288 0
292 0
296 0
300 0
304 0
308 0
312 0
316 0
320 0
324 0
328 0
332 0
336 0
340 0
344 0
348 0
352 0
356 0
360 0
364 0
368 0
372 0
376 0
380 0
384 0
388 0
392 0
396 0
400 0
404 0
408 0
412 0
416 0
420 0
424 0
428 0
432 0
436 0
440 0
444 0
448 0
452 0
456 0
460 0
464 0
468 0
472 0
476 0
480 0
484 0
488 0
492 0
496 0
500 0
504 0
508 0
512 0
516 0
520 0
524 0
528 0
532 0
536 0
540 0
544 0
548 0
552 0
556 0
560 0
564 0
568 0
572 0
576 0
580 0
584 0
588 0
592 0
596 0
600 0
604 0
608 0
612 0
616 0
620 0
624 0
628 0
632 0
636 0
640 0
644 0
648 0
652 0
656 0
660 0
664 0
668 0
672 0
676 0
680 0
684 0
688 0
692 0
696 0
700 0
704 0
708 0
712 0
716 0
720 0
724 0
728 0
732 0
736 0
740 0
744 0
748 0
752 0
756 0
760 0
764 0
768 0
772 0
776 0
780 0
784 0
788 0
792 0
796 0
800 90
804 100
808 18
812 214
816 126
820 148
824 54
828 40
832 176
836 25
840 44
844 24
848 58
852 242
856 56
860 136
864 98
868 116
872 78
876 17
880 18
884 214
888 126
892 148
896 58
900 242
904 56
908 136
912 64
916 185
920 34
924 68
928 102
932 136
936 170
940 204
944 238
948 18
952 52
956 85
960 160
964 178
968 196
972 214
976 232
980 250
984 12
988 30
992 32
996 185
1000 90
1004 100
1008 18
1012 214
1016 126
1020 148
1024 54
1028 40
1032 176
1036 25
1040 44
1044 24
1048 58
1052 242
1056 56
1060 136
1064 98
1068 116
1072 78
1076 17
1080 18
1084 214
1088 126
1092 148
1096 58
1100 242
1104 56
1108 136
1112 64
1116 185
1120 34
1124 68
1128 102
1132 136
1136 170
1140 204
1144 238
1148 18
1152 52
1156 85
1160 160
1164 178
1168 196
1172 214
1176 232
1180 250
1184 12
1188 30
1192 32
1196 185
1200 0
1204 0
1208 0
1212 0
1216 0
1220 0
1224 0
1228 0
1232 0
1236 0
1240 0
1244 0
1248 0
1252 0
1256 0
1260 0
1264 0
1268 0
1272 0
1276 0
1280 0
1284 0
1288 0
1292 0
1296 0
1300 0
1304 0
1308 0
1312 0
1316 0
1320 0
1324 0
1328 0
1332 0
1336 0
1340 0
1344 0
1348 0
1352 0
1356 0
1360 0
1364 0
1368 0
1372 0
1376 0
1380 0
1384 0
1388 0
1392 0
1396 0
1400 0
1404 0
1408 0
1412 0
1416 0
1420 0
1424 0
1428 0
1432 0
1436 0
1440 0
1444 0
1448 0
1452 0
1456 0
1460 0
1464 0
1468 0
1472 0
1476 0
1480 0
1484 0
1488 0
1492 0
1496 0
1500 0
1504 0
1508 0
1512 0
1516 0
1520 0
1524 0
1528 0
1532 0
1536 0
1540 0
1544 0
1548 0
1552 0
1556 0
1560 0
1564 0
1568 0
1572 0
1576 0
1580 0
1584 0
1588 0
1592 0
1596 0
1600 -2
1604 -214
1608 -206
1612 -106
1616 -124
1620 -232
1624 -208
1628 -84
1632 -78
1636 -188
1640 -2
1644 -214
1648 -206
1652 -106
1656 -124
1660 -232
1664 -208
1668 -84
1672 -78
1676 -188
1680 -2
1684 -214
1688 -206
1692 -106
1696 -124
1700 -232
1704 -208
1708 -84
1712 -78
1716 -188
1720 -2
1724 -214
1728 -206
1732 -106
1736 -124
1740 -232
1744 -208
1748 -84
1752 -78
1756 -188
1760 -2
1764 -214
1768 -206
1772 -106
1776 -124
1780 -232
1784 -208
1788 -84
1792 -78
1796 -188
1800 -2
1804 -214
1808 -206
1812 -106
1816 -124
1820 -232
1824 -208
1828 -84
1832 -78
1836 -188
1840 -2
1844 -214
1848 -206
1852 -106
1856 -124
1860 -232
1864 -208
1868 -84
1872 -78
1876 -188
1880 -2
1884 -214
1888 -206
1892 -106
1896 -124
1900 -232
1904 -208
1908 -84
1912 -78
1916 -188
1920 -2
1924 -214
1928 -206
1932 -106
1936 -124
1940 -232
1944 -208
1948 -84
1952 -78
1956 -188
1960 -2
1964 -214
1968 -206
1972 -106
1976 -124
1980 -232
1984 -208
1988 -84
1992 -78
1996 -188
2000 0
2004 0
2008 0
2012 0
2016 0
2020 0
2024 0
2028 0
2032 0
2036 0
2040 0
2044 0
2048 0
2052 0
2056 0
2060 0
2064 0
2068 0
2072 0
2076 0
2080 0
2084 0
2088 0
2092 0
2096 0
2100 0
2104 0
2108 0
2112 0
2116 0
2120 0
2124 0
2128 0
2132 0
2136 0
2140 0
2144 0
2148 0
2152 0
2156 0
2160 0
2164 0
2168 0
2172 0
2176 0
2180 0
2184 0
2188 0
2192 0
2196 0
2200 0
2204 0
2208 0
2212 0
2216 0
2220 0
2224 0
2228 0
2232 0
2236 0
2240 0
2244 0
2248 0
2252 0
2256 0
2260 0
2264 0
2268 0
2272 0
2276 0
2280 0
2284 0
2288 0
2292 0
2296 0
2300 0
2304 0
2308 0
2312 0
2316 0
2320 0
2324 0
2328 0
2332 0
2336 0
2340 0
2344 0
2348 0
2352 0
2356 0
2360 0
2364 0
2368 0
2372 0
2376 0
2380 0
2384 0
2388 0
2392 0
2396 0
2400 1
2404 2
2408 3
2412 4
2416 5
2420 6
2424 7
2428 8
2432 9
2436 10
2440 11
2444 12
2448 13
2452 14
2456 15
2460 16
2464 17
2468 18
2472 19
2476 20
2480 21
2484 22
2488 23
2492 24
2496 25
2500 26
2504 27
2508 28
2512 29
2516 30
2520 31
2524 32
2528 33
2532 34
2536 35
2540 36
2544 37
2548 38
2552 39
2556 40
2560 41
2564 42
2568 43
2572 44
2576 45
2580 46
2584 47
2588 48
2592 49
2596 50
2600 1
2604 2
2608 3
2612 4
2616 5
2620 6
2624 7
2628 8
2632 9
2636 10
2640 11
2644 12
2648 13
2652 14
2656 15
2660 16
2664 17
2668 18
2672 19
2676 20
2680 21
2684 22
2688 23
2692 24
2696 25
2700 26
2704 27
2708 28
2712 29
2716 30
2720 31
2724 32
2728 33
2732 34
2736 35
2740 36
2744 37
2748 38
2752 39
2756 40
2760 41
2764 42
2768 43
2772 44
2776 45
2780 46
2784 47
2788 48
2792 49
2796 50
2800 0
2804 0
2808 0
2812 0
2816 0
2820 0
2824 0
2828 0
2832 0
2836 0
2840 0
2844 0
2848 0
2852 0
2856 0
2860 0
2864 0
2868 0
2872 0
2876 0
2880 0
2884 0
2888 0
2892 0
2896 0
2900 0
2904 0
2908 0
2912 0
2916 0
2920 0
2924 0
2928 0
2932 0
2936 0
2940 0
2944 0
2948 0
2952 0
2956 0
2960 0
2964 0
2968 0
2972 0
2976 0
2980 0
2984 0
2988 0
2992 0
2996 0
3000 0
3004 0
3008 0
3012 0
3016 0
3020 0
3024 0
3028 0
3032 0
3036 0
3040 0
3044 0
3048 0
3052 0
3056 0
3060 0
3064 0
3068 0
3072 0
3076 0
3080 0
3084 0
3088 0
3092 0
3096 0
3100 0
3104 0
3108 0
3112 0
3116 0
3120 0
3124 0
3128 0
3132 0
3136 0
3140 0
3144 0
3148 0
3152 0
3156 0
3160 0
3164 0
3168 0
3172 0
3176 0
3180 0
3184 0
3188 0
3192 0
3196 0
3200 0
3204 0
3208 0
3212 0
3216 0
3220 0
3224 0
3228 0
3232 0
3236 0
3240 0
3244 0
3248 0
3252 0
3256 0
3260 0
3264 0
3268 0
3272 0
3276 0
3280 0
3284 0
3288 0
3292 0
3296 0
3300 0
3304 0
3308 0
3312 0
3316 0
3320 0
3324 0
3328 0
3332 0
3336 0
3340 0
3344 0
3348 0
3352 0
3356 0
3360 0
3364 0
3368 0
3372 0
3376 0
3380 0
3384 0
3388 0
3392 0
3396 0
3400 0
3404 0
3408 0
3412 0
3416 0
3420 0
3424 0
3428 0
3432 0
3436 0
3440 0
3444 0
3448 0
3452 0
3456 0
3460 0
3464 0
3468 0
3472 0
3476 0
3480 0
3484 0
3488 0
3492 0
3496 0
3500 0
3504 0
3508 0
3512 0
3516 0
3520 80
3524 0
3528 0
3532 0
3536 0
3540 0
3544 0
3548 0
3552 0
3556 0
3560 0
3564 0
3568 0
3572 0
3576 0
3580 0
3584 0
3588 0
3592 0
3596 0
3600 0
3604 0
3608 0
3612 0
3616 0
3620 0
3624 0
3628 0
3632 0
3636 0
3640 0
